Start: (70.47000000000001, 316.24800000000005, 40.5, 18.0)
Process 1: (51.09500000000001, 247.25600000000003, 79.25000000000001, 18.0)
Decision: (124.72250000000003, 247.25600000000003, 70.875, 18.0)
Process 2: (189.97500000000002, 247.25600000000003, 79.25, 18.0)
End: (213.91250000000002, 178.264, 31.375, 18.0)
